1
11,21,22,32,11,1
12,13,14,24,25,2
15,25,14,3
16,17,9,1
18,19,12,3
23,33,15,3
26,27,4,5
28,38,14,4
29,39,6,2
31,41,51,52,53,54,61,71,40,5
34,44,3,1
35,45,15,4
36,37,9,1
42,43,8,4
46,47,12,3
48,49,57,58,59,68,69,38,5
55,56,11,2
62,63,15,2
64,74,13,4
65,75,6,5
66,67,4,4
72,81,82,91,17,1
73,83,7,3
76,77,13,3
78,88,10,1
79,89,6,4
84,92,93,94,26,2
85,95,4,1
86,87,15,5
96,97,11,4
98,99,12,3
2
11,21,16,1
12,13,13,2
14,24,5,3
15,25,13,4
16,17,18,28,16,1
19,29,39,12,2
22,23,33,7,4
26,36,9,3
27,37,16,2
31,32,42,16,2
34,44,17,1
35,45,13,2
38,48,5,4
41,51,61,15,1
43,52,53,63,54,55,56,32,5
46,47,15,1
49,59,58,57,69,24,3
62,71,72,12,2
64,74,8,3
65,75,5,2
66,67,7,1
68,78,13,2
73,83,82,16,1
76,86,14,3
77,87,12,4
79,89,99,19,1
81,91,10,3
84,94,9,5
85,95,10,4
88,98,97,96,11,5
92,93,15,4
3
11,12,15,1
13,23,22,8,2
14,15,25,16,16,3
17,27,28,23,2
18,19,7,1
21,31,10,4
24,34,5,4
26,36,16,1
29,39,9,3
32,33,12,3
35,45,55,19,5
37,38,6,4
41,42,4,1
43,44,12,2
46,47,14,2
48,49,13,1
51,61,14,4
52,53,63,73,23,3
54,64,74,18,1
56,66,76,11,3
57,58,67,77,13,4
59,69,8,2
62,72,10,1
65,75,6,2
68,78,10,1
71,81,10,2
79,89,7,3
82,92,91,8,3
83,84,14,4
85,95,94,93,96,97,34,5
86,87,6,2
88,98,99,24,4
4
11,21,6,1
12,13,7,2
14,24,4,3
15,16,25,26,23,1
17,18,19,29,39,32,2
22,23,17,4
27,37,7,3
28,38,6,1
31,32,8,3
33,34,44,14,2
35,45,17,4
36,46,10,2
41,42,43,12,1
47,57,58,67,30,1
48,49,59,69,68,15,3
51,52,53,54,55,56,31,5
61,62,63,18,2
64,74,73,21,1
65,75,8,3
66,76,14,2
71,72,9,3
77,87,7,3
78,88,10,4
79,89,99,98,97,28,1
81,91,9,1
82,83,11,2
84,94,12,4
85,86,95,96,11,5
92,93,8,3
5
11,12,10,1
13,23,14,2
14,15,25,16,3
16,17,18,19,14,1
21,22,3,3
24,34,35,10,1
26,27,13,2
28,29,13,3
31,41,51,11,1
32,42,52,62,72,29,2
33,43,7,3
36,37,13,3
38,48,58,68,78,22,1
39,49,14,2
44,54,5,2
45,55,65,18,3
46,47,57,21,2
53,63,64,22,4
56,66,5,1
59,69,79,15,3
61,71,15,3
67,77,9,3
73,74,6,3
75,76,86,13,2
81,82,14,1
83,84,16,2
85,95,96,12,4
87,97,11,1
88,89,6,2
91,92,93,94,16,5
98,99,12,4
6
11,21,31,12,1
12,22,23,15,2
13,14,8,1
15,25,35,45,23,2
16,17,16,1
18,28,17,2
19,29,39,49,21,1
24,34,4,3
26,27,8,3
32,42,52,18,3
33,43,6,1
36,37,38,48,19,4
41,51,9,2
44,54,64,55,56,46,66,30,5
47,57,14,2
53,63,15,2
58,68,78,11,1
59,69,5,3
61,71,81,91,24,1
62,72,73,74,17,4
65,75,85,95,13,2
67,77,14,4
76,86,9,1
79,89,99,19,2
82,92,11,2
83,84,17,1
87,88,98,11,3
93,94,9,3
96,97,10,5
7
11,21,6,1
12,13,14,10,2
15,25,7,1
16,17,18,24,3
19,29,13,1
22,32,15,3
23,24,7,4
26,27,9,2
28,38,11,4
31,41,8,2
33,34,17,1
35,44,45,46,12,3
36,37,9,1
39,49,8,2
42,43,7,4
47,48,17,5
51,61,62,19,3
52,53,8,2
54,55,56,65,23,1
57,58,7,3
59,69,68,13,1
63,64,11,4
66,67,9,2
71,81,91,14,1
72,82,15,2
73,74,75,76,77,26,3
78,88,8,4
79,89,99,15,2
83,84,10,5
85,95,14,1
86,87,5,5
92,93,94,15,3
96,97,98,13,3
8
11,21,31,19,1
12,13,11,2
14,24,8,1
15,25,35,45,24,2
16,26,12,3
17,18,5,1
19,29,39,18,2
22,32,7,3
23,33,41,42,43,28,4
27,37,47,48,49,30,4
28,38,6,3
34,44,54,13,3
36,46,56,8,1
51,61,6,3
52,53,9,1
55,65,75,15,4
57,58,17,3
59,69,3,1
62,72,17,4
63,64,8,2
66,67,13,2
68,78,15,4
71,81,13,1
73,74,5,3
76,77,9,3
79,89,12,3
82,83,93,11,2
84,85,86,94,95,96,32,5
87,88,97,12,2
91,92,8,3
98,99,11,1
9
11,12,6,1
13,14,10,2
15,25,9,3
16,17,15,2
18,19,9,1
21,31,32,42,16,2
22,23,15,3
24,34,15,1
26,36,3,1
27,28,5,3
29,39,38,48,21,2
33,43,10,5
35,45,44,46,24,2
37,47,9,4
41,51,13,1
49,59,17,1
52,53,4,3
54,64,63,20,4
55,65,9,1
56,66,67,8,4
57,58,8,3
61,62,72,73,19,2
68,69,78,77,28,2
71,81,82,83,26,1
74,84,94,93,13,3
75,85,95,12,2
76,86,96,97,27,3
79,89,88,87,13,1
91,92,12,4
98,99,9,4
10
11,21,22,11,1
12,13,10,2
14,15,25,35,34,30,1
16,17,14,2
18,28,13,1
19,29,4,2
23,24,14,3
26,27,36,37,10,3
31,41,5,2
32,42,17,3
33,43,53,63,73,24,5
38,39,49,20,4
44,45,14,3
51,52,4,4
46,56,55,54,66,27,1
47,48,57,58,59,67,68,33,2
61,71,17,2
62,72,11,3
64,65,4,4
69,79,78,8,3
74,75,85,95,94,25,2
76,77,86,87,25,5
81,82,91,15,1
83,84,10,3
88,98,12,2
89,99,15,4
92,93,4,4
96,97,9,1
11